100 27
-9.5 -9 -8 -6 9 9.5 9.5 9.5
-6 -5 -4 -3.5 -2.5 9.5 8.5 7 6 6
-2.5 -2 6 7
-2.5 -2 9 7
-2.5 -2 -1 1 2 2.5 9 11 12 12 11 10
2 2.5 8 10
2 3 8 6.5
3 4 5 6.5 8 9 10 10.5 6.5 7.5 8.5 9.5 10 10 9.5 8
7.5 8 9.5 10.5 7.5 8 8 8
6.5 7 7.5 2 4 7.5
6.5 7 8 9.5 10 2 1 0 -2 -4
6.5 6.8 7 -13 -11 -9
7 8.5 9.5 10 -9 -8 -6 -4
6.5 7 -13 -15
4 5.5 7 -12 -13 -15
2.5 3 4 -6 -10 -12
-2.5 -1.5 0 1 2.5 -2.5 -3.5 -4.5 -5 -6
-5 -3.5 -3 -2.5 3 1 0 -2.5
-8 -7.5 -6.5 -5.5 -5 8.5 8 7.5 6.5 3
-9 -8.5 -8 7.5 8 8.5
-9.5 -9 9 7.5
-1 0 1 7.5 8 7.5
-1 -0.5 0.5 0.8 1 7.5 6.5 6 7 7.5
0 0.5 1 9 10 9.5
0 0.5 0.8 1 9 8.5 9 9.5
-1.5 -1.3 -1 -0.8 -0.5 9 9.5 10 9.5 9
-1.5 -1 -0.5 9 8.5 9
