100 25
-13 -12.5 -12 0 1 2
-12 -10 -9 -8 -7 -6 2 2 1.5 1.5 1.5 2
-6 -7 2 4
-7 -6.8 4 6
-6.8 -6 -5 -2.5 6 8 9 9.5
-2.5 0 9.5 9
0 1 1.5 2 9 8 7 5
0.5 1.5 2 1.5 3 5
0.5 3 4 5 6 1.5 1 1 1.5 2
6 7 7.5 8 2 1.5 1 0
2 2.5 4 5 7 8 -4 -3 -2.5 -2.5 -1.5 0
2 2.5 -4 -9.5
2.5 3.5 4 5 -9.5 -11 -12 -13.5
4.5 4.8 5 -15.5 -14.5 -13.5
2 4.5 -16 -15.5
-2.5 -1.5 -0.5 0.5 2 -9.5 -12 -13.5 -14.5 -16
-8 -6 -5 -4.5 -4 -2.5 -16 -15 -14 -13 -12 -9.5
-10.5 -9.5 -8 -14 -15.5 -16
-10.5 -10 -9 -8.5 -7.5 -7 -14 -13 -11.5 -11 -9 -8
-7 -6.5 -8 -4
-13 -11.5 -10.5 -9.5 -7 -6.5 0 -1.5 -2 -2.5 -3 -4
-4.5 -4 -3.5 -3 -2 -1.5 -1 -0.5 4 4 3.5 3 3 3.5 4 4
-4.5 -4 -3 -2 -1 -0.5 4 3 2.5 2.5 3 4
-5 -4.5 -4 5.5 6 5.5
-1 -0.5 0 5.5 6 5.5
