100 31
-14 -13 -11 -9.5 -8.5 9 10 10.5 10 9
-8.5 -8 -7.5 9 4 3.5
-7.5 -7 -6 -5 -4 -2 3.5 4 5 6.5 7 7.5
-2 0 7.5 7
0 1 1.5 2 3 7 6 4 2.5 1.5
3 4 1.5 2
2.5 3.5 3.5 4
2.5 4 3.5 2
3.5 4 4 7
4 5 6 8 9.5 7 5.5 5 5 6.5
9 9.5 4.5 6.5
9 10 11 4.5 3.5 3
3 4 5 6 7 8.5 10 11 -6 -2.5 -1 0 1 2 2.5 3
3 5 5.5 -6 -6.5 -7
1.5 3 4 5.5 -7 -7.5 -7.5 -7
1.5 2 -7 -6
-5 -4.5 -5 -1
-4.5 -3 -1 -1 0.5 0.5
-1 0 0.5 0
0 1 1.5 2 0 -1.5 -3 -6
-5 -4 -5 -6.5
-4 -2.5 -1.5 -1 -6.5 -6 -6.5 -7.5
-4.5 -1 -7.5 -7.5
-6.5 -5.5 -4.5 -5 -6 -7.5
-11.5 -10 -9 -8 -7 -6.5 8 4.5 2 0 -2.5 -5
-13 -11.5 7.5 8
-14 -13.5 -13 9 8 7.5
4.5 6 6.5 4.5 4 3
4.5 5 6 6.5 4.5 3.5 3 3
7 8 9 3 4 3.5
7 8.5 9 3 3 3.5
